# 4      he4  c12  o16                       ku02      7.16192e+00      
1.00E-03     0.000E+00     1.000E+00
2.00E-03     0.000E+00     1.000E+00
3.00E-03     0.000E+00     1.000E+00
4.00E-03     0.000E+00     1.000E+00
5.00E-03     0.000E+00     1.000E+00
6.00E-03     0.000E+00     1.000E+00
7.00E-03     0.000E+00     1.000E+00
8.00E-03     0.000E+00     1.000E+00
9.00E-03     0.000E+00     1.000E+00
1.00E-02     0.000E+00     1.000E+00
1.10E-02     0.000E+00     1.000E+00
1.20E-02     0.000E+00     1.000E+00
1.30E-02     0.000E+00     1.000E+00
1.40E-02     0.000E+00     1.000E+00
1.50E-02     0.000E+00     1.000E+00
1.60E-02     0.000E+00     1.000E+00
1.80E-02     0.000E+00     1.000E+00
2.00E-02     0.000E+00     1.000E+00
2.50E-02     0.000E+00     1.000E+00
3.00E-02     0.000E+00     1.000E+00
4.00E-02     8.086E-31     1.373E+00
5.00E-02     5.029E-28     1.378E+00
6.00E-02     6.751E-26     1.378E+00
7.00E-02     3.305E-24     1.383E+00
8.00E-02     8.165E-23     1.384E+00
9.00E-02     1.220E-21     1.386E+00
1.00E-01     1.248E-20     1.386E+00
1.10E-01     9.474E-20     1.393E+00
1.20E-01     5.720E-19     1.392E+00
1.30E-01     2.839E-18     1.392E+00
1.40E-01     1.198E-17     1.394E+00
1.50E-01     4.433E-17     1.394E+00
1.60E-01     1.464E-16     1.394E+00
1.80E-01     1.202E-15     1.398E+00
2.00E-01     7.318E-15     1.394E+00
2.50E-01     2.705E-13     1.401E+00
3.00E-01     4.154E-12     1.403E+00
3.50E-01     3.645E-11     1.402E+00
4.00E-01     2.160E-10     1.403E+00
4.50E-01     9.651E-10     1.399E+00
5.00E-01     3.504E-09     1.401E+00
6.00E-01     2.885E-08     1.400E+00
7.00E-01     1.538E-07     1.398E+00
8.00E-01     6.081E-07     1.395E+00
9.00E-01     1.937E-06     1.394E+00
1.00E+00     5.249E-06     1.389E+00
1.25E+00     3.923E-05     1.376E+00
1.50E+00     1.904E-04     1.360E+00
1.75E+00     7.198E-04     1.338E+00
2.00E+00     2.291E-03     1.309E+00
2.50E+00     1.549E-02     1.259E+00
3.00E+00     6.799E-02     1.225E+00
3.50E+00     2.101E-01     1.266E+00
4.00E+00     5.800E-01     1.203E+00
5.00E+00     2.879E+00     1.195E+00
6.00E+00     9.799E+00     1.285E+00
7.00E+00     3.035E+01     1.188E+00
8.00E+00     6.960E+01     1.188E+00
9.00E+00     1.347E+02     1.188E+00
1.00E+01     2.275E+02     1.187E+00
